,timestamp,low,open,close,high,volume,num_trades
0,12/02/2018 00:00:00,0.00954,0.00954,0.00967,0.00997,706882,
1,12/03/2018 00:00:00,0.004,0.00891,0.008759999999999999,0.00927,7152961,
2,12/04/2018 00:00:00,0.00853,0.00882,0.00853,0.009040000000000001,854345,
3,12/05/2018 00:00:00,0.007690000000000001,0.008190000000000001,0.007940000000000001,0.00836,4380853,
4,12/06/2018 00:00:00,0.00335,0.006959999999999999,0.0070799999999999995,0.01826,280013,
5,12/07/2018 00:00:00,0.0034799999999999996,0.00735,0.0070599999999999994,0.00744,755943,
6,12/08/2018 00:00:00,0.00689,0.00698,0.0070799999999999995,0.0072,354304,
7,12/09/2018 00:00:00,0.00703,0.007379999999999999,0.00734,0.00746,287655,
8,12/10/2018 00:00:00,0.00336,0.0069900000000000006,0.0069099999999999995,0.0071400000000000005,195097,
9,12/11/2018 00:00:00,0.006379999999999999,0.00673,0.006540000000000001,0.0070799999999999995,265592,
10,12/12/2018 00:00:00,0.00656,0.00672,0.00665,0.0068200000000000005,94526,
11,12/13/2018 00:00:00,0.00601,0.00639,0.00632,0.00643,118203,
12,12/14/2018 00:00:00,0.0058200000000000005,0.00611,0.0058200000000000005,0.00611,245206,
13,12/15/2018 00:00:00,0.00521,0.00584,0.00584,0.00592,261343,
14,12/16/2018 00:00:00,0.00558,0.0059,0.00558,2144506.03354,176446,
15,12/17/2018 00:00:00,0.0035399999999999997,0.006520000000000001,0.0061200000000000004,0.0066099999999999996,1121831,
16,12/18/2018 00:00:00,0.00628,0.00662,0.0069900000000000006,0.0070799999999999995,70410036,
17,12/19/2018 00:00:00,0.00414,0.00621,0.0067599999999999995,0.0070799999999999995,599885,
18,12/20/2018 00:00:00,0.00479,0.00761,0.007509999999999999,0.008579999999999999,390419,
19,12/21/2018 00:00:00,0.007090000000000001,0.007370000000000001,0.00755,0.007890000000000001,2138068,
20,12/22/2018 00:00:00,0.00761,0.00785,0.00761,0.00815,2467598,
21,12/23/2018 00:00:00,0.00542,0.00854,0.00797,0.00863,985584,
22,12/24/2018 00:00:00,0.0058,0.008459999999999999,0.008440000000000001,0.00885,1469742,
23,12/25/2018 00:00:00,0.00742,0.00787,0.0081,0.0081,1941113,
24,12/26/2018 00:00:00,0.0074,0.05103,0.04099,0.17331,8753251,
25,12/27/2018 00:00:00,0.00469,0.02232,0.0066099999999999996,0.12072000000000001,210178,
26,12/28/2018 00:00:00,0.00562,0.0074,0.00732,0.008790000000000001,2156120,
27,12/29/2018 00:00:00,0.00511,0.0077,0.0072,0.00777,413158,
28,12/30/2018 00:00:00,0.00591,0.00747,0.00672,0.00747,702980,
