12/01/2018 00:00:00,0.00439,0.00966,0.00963,0.00994,883907,
12/02/2018 00:00:00,0.00954,0.00954,0.00967,0.00997,706882,
12/03/2018 00:00:00,0.00400,0.00891,0.00876,0.00927,7152961,
12/04/2018 00:00:00,0.00853,0.00882,0.00853,0.00904,854345,
12/05/2018 00:00:00,0.00769,0.00819,0.00794,0.00836,4380853,
12/06/2018 00:00:00,0.00335,0.00696,0.00708,0.01826,280013,
12/07/2018 00:00:00,0.00348,0.00735,0.00706,0.00744,755943,
12/08/2018 00:00:00,0.00689,0.00698,0.00708,0.00720,354304,
12/09/2018 00:00:00,0.00703,0.00738,0.00734,0.00746,287655,
12/10/2018 00:00:00,0.00336,0.00699,0.00691,0.00714,195097,
12/11/2018 00:00:00,0.00638,0.00673,0.00654,0.00708,265592,
12/12/2018 00:00:00,0.00656,0.00672,0.00665,0.00682,94526,
12/13/2018 00:00:00,0.00601,0.00639,0.00632,0.00643,118203,
12/14/2018 00:00:00,0.00582,0.00611,0.00582,0.00611,245206,
12/15/2018 00:00:00,0.00521,0.00584,0.00584,0.00592,261343,
12/16/2018 00:00:00,0.00558,0.00590,0.00558,2144506.03354,176446,
12/17/2018 00:00:00,0.00354,0.00652,0.00612,0.00661,1121831,
12/18/2018 00:00:00,0.00628,0.00662,0.00699,0.00708,70410036,
12/19/2018 00:00:00,0.00414,0.00621,0.00676,0.00708,599885,
12/20/2018 00:00:00,0.00479,0.00761,0.00751,0.00858,390419,
12/21/2018 00:00:00,0.00709,0.00737,0.00755,0.00789,2138068,
12/22/2018 00:00:00,0.00761,0.00785,0.00761,0.00815,2467598,
12/23/2018 00:00:00,0.00542,0.00854,0.00797,0.00863,985584,
12/24/2018 00:00:00,0.00580,0.00846,0.00844,0.00885,1469742,
12/25/2018 00:00:00,0.00742,0.00787,0.00810,0.00810,1941113,
12/26/2018 00:00:00,0.00740,0.05103,0.04099,0.17331,8753251,
12/27/2018 00:00:00,0.00469,0.02232,0.00661,0.12072,210178,
12/28/2018 00:00:00,0.00562,0.00740,0.00732,0.00879,2156120,
12/29/2018 00:00:00,0.00511,0.00770,0.00720,0.00777,413158,
12/30/2018 00:00:00,0.00591,0.00747,0.00672,0.00747,702980,
